Main : Generating SEAL PArameters
Main : Generating galois_keys
Initializing server
Map the keywords
Initializing database
Main: Creating the database with random data 
Main: Starting to process the database
Elements num is 16384
database palintexts size is 1024
database generated!
Generate random query keyword
Main : You want to fuzzy query all items containing 3956
binary string generated
query generated!
Main : Relink size is 0
query serialized!
Query deserialized!
Server : expanded over
Server: expanded query multiply the keyword
Server : add the keyword slot based on block encoding
Server: start find the desire slot in keyword codeword
multiply many over
all will mul_plain times are 512
The 0-th column over!
multiply many over
all will mul_plain times are 512
The 1-th column over!
next will add database entry !!!
Reply generated!
30 122 76 -83 36 0 -18 21 -38 46 91 -102 30 4 -82 63 -36 -33 -95 -59 89 -89 42 23 115 -11 120 -8 -66 78 -88 -100 22 -60 -102 -21 54 -113 29 96 -100 91 -95 92 -14 62 -39 -118 -66 -67 -107 63 -21 53 -123 83 -104 -69 -62 114 80 -13 91 100 -124 -121 -103 24 -94 56 102 60 -8 -103 93 -77 127 -70 98 8 77 58 110 -44 -59 -64 -68 104 88 68 119 -13 109 18 87 -61 -45 -1 38 118 41 -128 -77 101 86 -49 -94 -99 -5 8 115 -128 -27 27 -119 4 -115 99 -72 102 -60 31 -74 86 97 -10 -62 -20 125 107 118 -110 112 27 -114 -50 -116 -69 74 -8 -26 29 -118 -71 47 -99 -10 97 14 -114 -38 112 -111 120 68 110 22 127 115 -11 -74 38 41 -58 64 105 71 -14 117 46 -90 -52 37 56 61 -15 -125 -111 10 97 100 80 -76 -44 -3 8 61 -42 22 -18 -24 -52 45 68 -1 -106 -18 120 1 -88 103 -96 -56 51 119 -115 -47 124 -100 -24 -25 11 -115 125 -66 -18 -113 71 -121 -23 -88 92 99 27 -51 -11 56 -126 -50 43 -94 106 118 -99 -19 96 5 -13 -22 79 52 84 71 -118 101 -124 91 -37 -78 102 -61 -8 -68 -18 -6 41 -78 -67 48 -71 -22 -28 46 73 -52 -90 -15 101 2 -31 75 115 104 -53 66 69 54 32 -85 -103 114 -65 -97 25 -112 41 10 -20 -126 -75 -19 -31 47 -124 119 -63 -124 17 -28 12 -32 -31 -15 -79 -106 -57 -102 39 -38 -49 -39 69 114 -50 -54 26 34 -125 97 16 8 -49 74 52 109 -21 -121 41 -118 -110 97 30 20 -60 72 28 -109 66 -17 88 -90 -47 -35 -72 -61 -105 -5 -107 -27 89 -52 -33 -30 -95 -53 106 -103 58 -104 -88 -64 -19 8 -113 121 -56 -74 -56 -48 62 -43 115 -12 -72 66 71 -66 -35 101 81 -36 104 98 -34 65 103 -115 79 -87 58 38 -76 1 -45 0 -45 -108 -13 -5 -40 -77 -90 87 18 69 -39 -50 110 17 88 -25 -90 -23 96 -120 63 -100 -49 84 -111 -11 -15 -1 -19 77 -48 95 -39 111 46 88 118 51 -101 89 83 -69 124 42 94 120 73 -109 -82 29 16 -75 93 77 116 54 -1 80 -7 117 80 -80 78 -63 83 -120 -24 31 24 55 111 -18 -124 77 23 11 12 -15 -75 112 -103 -94 -9 -21 57 75 74 -24 55 -52 29 69 -124 -28 1 96 59 57 36 -76 32 127 -27 -69 31 -124 -111 -43 52 -26 -29 76 118 -43 -112 -127 -51 63 -85 69 26 -10 127 76 -105 81 -24 70 107 -96 -113 17 68 -106 43 35 109 76 103 -7 -64 -96 94 3 75 49 113 -30 -76 57 115 -28 -119 -13 21 -20 123 103 -128 -5 -113 -31 112 51 -19 67 -73 109 37 84 -127 6 -104 60 -54 -78 -71 105 17 -14 -53 101 56 94 -61 -75 -29 114 -122 -45 -117 109 -98 -104 -32 64 109 20 85 -75 102 -52 -13 90 66 -71 12 41 96 -116 64 -33 -91 -40 -125 14 114 64 -120 -8 -7 -19 -57 -13 92 91 109 19 95 -109 85 95 40 -75 3 127 22 89 -85 -15 122 46 87 -79 -90 -125 110 -75 -110 -38 4 103 -110 48 94 -9 118 112 -5 3 -54 77 -70 -20 110 -52 -103 -70 48 33 -7 -81 -94 -53 61 -126 9 -121 79 -106 23 -125 72 -113 -52 54 88 43 26 -30 -64 89 37 96 59 10 -88 -79 4 55 -81 -31 -35 -125 -66 51 5 106 57 67 19 -40 -15 36 52 111 63 13 -84 -86 52 78 -3 -119 -72 -106 83 6 73 83 -29 -85 2 -56 -25 -25 -127 -115 123 -65 -22 21 -70 -64 31 23 -122 125 -46 92 3 123 -65 -33 100 112 68 53 101 -49 -28 65 -55 -22 115 113 68 58 13 117 103 89 -51 -16 4 115 -71 -5 -84 -101 93 48 -8 124 -22 -88 -48 121 -103 96 62 31 42 -18 67 56 -8 -59 83 -13 74 -18 53 117 8 5 18 49 43 -118 119 15 -104 -115 -51 -126 -88 -80 19 0 81 -72 40 -31 44 2 26 -122 -50 -80 -21 -58 -33 -97 12 -112 36 118 1 -53 78 -122 -52 -46 106 127 91 -113 -38 57 -20 -12 -127 -101 112 -10 20 29 50 -65 -30 -68 -108 -25 114 -51 -48 122 32 -45 -106 126 -38 109 -8 -34 108 -87 84 -41 -87 37 55 23 -108 39 106 53 -29 113 -37 -84 -43 78 -5 -72 -8 88 -128 -68 -33 -13 96 -15 -12 -88 1 -41 -62 87 47 48 -65 23 -75 90 111 36 106 23 -102 107 -103 108 22 -112 36 7 118 24 103 -32 -23 35 49 7 -16 -85 -128 99 114 102 -16 -65 68 -104 -2 24 -79 -23 -25 100 -110 -44 -59 -111 -63 111 25 -27 -72 -103 94 113 126 22 50 32 -36 -89 117 55 -126 -121 25 -91 -28 -65 52 34 21 39 82 79 62 -30 -103 -40 24 -110 105 -125 106 33 80 112 -127 44 -61 40 -94 116 -123 122 118 40 57 -26 89 12 34 -18 -85 1 29 -105 -12 -122 8 -126 40 -116 -44 -27 17 70 45 -47 97 
Main: PIR result conrrect!
------------------GPU :-------------------
Main: PIRClient query time is 11
Main: PIRClient serialization time is 57
Main: PIRClient deserialization time is 0
Main: PIRServer reply time is 462
