Main : Generating SEAL PArameters
Main : Generating galois_keys
Initializing server
Map the keywords
Initializing database
Main: Creating the database with random data 
Main: Starting to process the database
Elements num is 65536
database palintexts size is 4096
database generated!
Generate random query keyword
Main : You want to fuzzy query all items containing 59628
binary string generated
query generated!
Main : Relink size is 0
query serialized!
Query deserialized!
Server : expanded over
Server: expanded query multiply the keyword
Server : add the keyword slot based on block encoding
Server: start find the desire slot in keyword codeword
multiply many over
all will mul_plain times are 512
The 0-th column over!
multiply many over
all will mul_plain times are 512
The 1-th column over!
multiply many over
all will mul_plain times are 512
The 2-th column over!
multiply many over
all will mul_plain times are 512
The 3-th column over!
multiply many over
all will mul_plain times are 512
The 4-th column over!
multiply many over
all will mul_plain times are 512
The 5-th column over!
multiply many over
all will mul_plain times are 512
The 6-th column over!
multiply many over
all will mul_plain times are 512
The 7-th column over!
next will add database entry !!!
Reply generated!
-46 112 12 107 4 72 124 16 -119 -11 -26 -14 -63 110 -99 75 -13 104 6 -101 98 36 123 -90 -107 2 113 123 -77 -128 -99 1 -41 78 108 -110 -28 -54 -16 -85 125 -75 -62 -32 -42 83 27 -8 60 -32 -118 -50 -107 49 -45 -38 -72 37 117 10 107 -55 83 29 97 -53 -28 -119 20 -102 116 113 110 92 45 -116 -104 -60 105 -116 92 -123 14 -84 -36 10 -112 64 -53 48 71 88 -116 58 45 -39 -87 12 98 -16 34 -80 60 31 -13 -3 -9 -121 -16 -27 44 75 -25 90 87 -35 -19 -104 -31 -104 -118 62 13 -83 58 37 -71 -37 -40 -19 -56 -124 -6 -62 54 100 -55 100 -87 -11 46 -64 47 -119 -57 -77 76 -7 35 -93 19 60 68 63 -102 53 -57 -81 -17 27 -62 -39 -36 -40 92 92 -3 119 101 46 -127 47 24 -88 125 8 27 -37 -96 -28 26 79 51 18 49 -81 101 116 89 -119 -21 -97 -80 65 90 80 17 8 43 -114 -59 94 -106 26 78 -12 -43 10 -4 19 110 74 -111 -45 85 -104 111 48 -19 109 -13 -55 -7 -31 -128 -39 104 61 64 -33 -125 -126 68 -82 -105 18 -83 -69 74 33 -1 13 -16 -2 -124 -111 -126 73 33 92 42 86 -35 61 33 -53 87 12 -103 122 10 -19 56 49 -81 110 -58 -79 111 -93 -103 117 -77 -57 115 -125 76 -34 48 45 71 66 -106 89 -127 86 -92 78 -56 -117 -24 121 25 -87 -32 114 -86 27 57 -100 -2 75 118 51 122 54 39 47 42 -98 16 -85 121 -128 -119 -93 58 10 -30 -47 -7 -88 98 -40 46 -31 -24 -118 81 -36 -75 58 -101 23 -118 -63 -65 -19 39 -123 71 11 -38 53 40 49 82 20 -117 -111 66 -126 -67 79 68 18 17 -64 53 95 73 7 36 42 8 64 -104 16 107 103 -98 -46 -115 -48 -19 -5 -93 107 10 -103 78 55 -6 -76 55 98 -114 -34 94 2 -90 -3 53 -65 -3 -88 -100 -105 -38 123 119 -36 76 101 -70 114 -35 32 26 68 -123 25 -37 -77 -13 96 -102 78 -65 82 38 -35 102 88 -69 70 -31 62 -53 -62 -1 89 17 63 -46 97 -12 -102 92 -82 109 -79 110 -109 -116 -12 -113 95 -110 -41 -23 43 -9 65 35 101 -107 108 -6 -33 28 106 -86 -64 -79 110 -54 92 -4 55 -104 50 -100 116 48 88 125 26 -68 56 39 105 -53 118 115 107 -76 -94 -105 73 -73 -13 60 -76 9 -108 -43 -26 -110 113 29 -76 -45 56 92 88 -57 27 24 60 72 -99 109 -28 -6 -97 -38 -125 48 95 15 41 -61 -79 13 -45 24 -89 104 99 79 -1 -34 48 -79 97 63 78 -98 109 59 105 64 61 112 26 80 -17 -117 -7 82 -16 84 39 49 29 2 26 87 90 30 -19 -24 -55 -47 -17 44 -91 102 17 -20 103 124 -45 -96 -46 -70 -110 7 46 -64 -122 -7 -120 -86 -87 125 77 -48 78 45 -91 -12 -38 -21 -116 73 -89 42 -37 50 44 -119 -50 -88 28 7 -63 -48 -97 -29 94 34 -13 13 -63 58 90 -102 57 -13 -44 -110 -123 -66 -82 118 69 26 -104 -125 82 84 83 39 41 108 -116 15 -28 -31 -92 -32 55 33 -15 -42 -97 -83 9 -38 124 7 51 5 65 14 108 111 -111 -15 -67 80 -26 -46 68 -34 -39 6 7 61 124 -80 -54 64 28 -7 16 -22 97 11 -90 -98 -98 78 -81 76 -53 21 -125 -117 -108 97 3 95 -87 98 59 -116 63 8 -22 -39 10 23 -89 -73 -107 52 -103 -120 -6 124 -111 1 -29 -17 -54 -35 101 105 112 102 104 100 -31 -34 97 -80 11 -110 -38 -73 70 18 78 -40 -60 24 39 76 45 63 56 17 -117 -39 -109 31 -96 -117 14 -40 -25 82 -71 103 78 -62 62 -73 40 68 2 -102 -9 17 -84 -48 -48 99 -78 96 30 -104 -16 -127 -52 -110 -48 77 -92 -57 -30 71 50 54 79 68 -23 49 -55 54 -2 52 36 32 11 -1 -121 10 29 -29 -6 45 -71 -68 -30 73 82 -82 -30 -34 97 -9 -48 -124 107 -2 27 63 -58 49 -57 -86 -30 36 -101 118 64 -35 98 -52 21 -61 -93 -120 -11 98 80 -75 -117 64 -69 -81 88 36 29 -15 -110 101 -46 20 -39 72 41 118 -75 21 -24 99 23 75 -106 94 -122 -2 109 99 82 -19 -96 -96 -29 105 7 16 -89 29 50 75 -11 15 112 11 97 126 121 34 63 50 110 -112 -4 -118 2 14 -125 -33 -127 125 121 -63 91 -63 76 40 39 80 -120 73 -60 -17 -36 59 14 -44 55 1 100 -104 52 -23 55 -79 51 112 63 63 -111 -93 118 -65 60 16 33 29 32 28 -79 -111 -82 -5 -83 -82 113 -80 -117 125 18 -109 68 -89 -30 125 66 76 -107 13 71 115 54 -92 -63 -2 -34 96 -97 1 -6 16 93 -48 39 57 -43 -36 -95 89 -46 -100 4 108 -45 23 117 -103 -101 30 27 88 -13 -51 58 26 -121 -4 -22 32 -112 -68 -10 -19 21 119 -74 -104 26 -18 -3 14 -101 118 -71 45 -34 59 -16 30 47 -52 20 -4 -22 
Main: PIR result conrrect!
------------------GPU :-------------------
Main: PIRClient query time is 12
Main: PIRClient serialization time is 47
Main: PIRClient deserialization time is 0
Main: PIRServer reply time is 908
